String Calculator
"q" or "quit" or ctrl+d to exit
>> 
ans =

    272

>> 
ans =

    545686

>> 
ans =

    84530058140

>> 
ans =

    2525435488800350737444575858000384964893999404740385643856001176334531119092260966977254335583626316844988902621316849799221438226934114088102071945358624754684458107301771397847131988118440833459592554479475315650872600925489313305881256

>> 
farvel!

