String Calculator
"q" or "quit" or ctrl+d to exit
>> 
ans =

    4305

>> 
ans =

    155849815

>> 
ans =

    58598205024738392920417110

>> 
ans =

    418659060415543123393662051248619383395129400142892181290515

>> 
farvel!

