String Calculator
"q" or "quit" or ctrl+d to exit
>> 
ans =

    -38852225

>> 
ans =

    -577978135

>> 
ans =

    -157606380625480712033368576

>> 
ans =

    -98844946478682854477430894642883863316534613642

>> 
farvel!

