String Calculator
"q" or "quit" or ctrl+d to exit
>> 
ans =

    243776

>> 
ans =

    72558618

>> 
ans =

    5114320858

>> 
ans =

    31730450260375850415574255064886637288655389318229906349578433392296176

>> 
ans =

    68849483294832097754907865080694478431407114406303358598637075811434273338789

>> 
farvel!

