String Calculator
"q" or "quit" or ctrl+d to exit
>> 
ans =

    983776886

>> 
ans =

    -4537777296

>> 
ans =

    8214555934837193640

>> 
ans =

    3278342288435756

>> 
ans =

    -15128518987222536182413471077

>> 
ans =

    -3261881359992935260111718188408577942894061011908499741657856

>> 
ans =

    162181399900008747508819516784697815132069428354085145138554506843368

>> 
ans =

    -89898648978294423039117563276498666997589038580411588650453215

>> 
farvel!

