String Calculator
"q" or "quit" or ctrl+d to exit
>> 
ans =

    -1

>> 
ans =

    2109

>> 
ans =

    6823871

>> 
ans =

    38209149406179806090785343712217950325998314075881608694947452388766013352383664793789974276182680539570816217821776615033668930

>> 
ans =

    35491443

>> 
ans =

    -3465669565966956519413034

>> 
ans =

    129410962601547906424908458618268

>> 
ans =

    -3969509409981700998759920292619988748050863504189408425074994299054302091012077836185580331843927629745953882

>> 
farvel!

