String Calculator
"q" or "quit" or ctrl+d to exit
>> 
ans =

    123

>> 
ans =

    -456

>> 
ans =

    6

>> >> 
ans =

    6

>> 
ans =

    24

>> 
ans =

    120

>> 
ans =

    14400

>> >> 
ans =

    170115807206590949404701291489137515741309359838253664729242818163012949406636460558427163711860623850019176261623848427746353179696978677934195706572502285116267107209664411548156505286523872172856105141751095933341314663975973045436125469700278698143034318244953647791352682154714222759281807237915587315469958903177639429318566252089902962190560230002641090232247639506309877410103114363738928288

>> 
farvel!

